[picture.jpg]
filters=enhance=1;crop64=1,315ff5dc221;
crop=rect64(315ff5dc221)
moddate=988703465b4edb01
width=810
height=1080
textactive=0
[picPort.jpg]
filters=finetune2=1,0.000000,0.061754,0.000000,00000000,0.000000;
moddate=4cd2a892b04edb01
width=4197
height=2449
textactive=0
